Current generation 250 Generational limit : 250
Stopping criterion reached
+--------------------+-----------------------------------------------------------------+
|                    |  LUNDI   +  MARDI   + MERCREDI +  JEUDI   + VENDREDI +  SAMEDI  |
| HORAIRE  +  TYPE   |                                                                 |
+--------------------+-----------------------------------------------------------------+
|          |CLASSE   |          |2 3       |3         |0 3       |3         |          |
|Horaire 0 |MATIERE  |          |0 2       |2         |2 1       |0         |          |
|          |PROF     |          |0 6       |6         |6 3       |1         |          |
|          |SALLE    |          |0 3       |3         |3 0       |0         |          |
+--------------------+-----------------------------------------------------------------+
|          |CLASSE   |0 2 3     |1 2 3     |0 1 3     |0 1 3     |0 1 3     |          |
|Horaire 1 |MATIERE  |0 2 1     |0 2 1     |2 0 1     |1 2 3     |3 0 2     |          |
|          |PROF     |2 7 5     |0 6 5     |6 0 4     |3 6 8     |8 1 7     |          |
|          |SALLE    |2 3 0     |0 3 2     |3 2 1     |1 3 4     |4 1 3     |          |
+--------------------+-----------------------------------------------------------------+
|          |CLASSE   |0 1 2 3   |1 2       |0 1       |0 1 2     |0 1 2 3   |          |
|Horaire 2 |MATIERE  |2 0 1 0   |3 1       |0 1       |0 3 1     |0 2 1 3   |          |
|          |PROF     |7 2 5 0   |9 5       |0 4       |1 8 3     |1 7 4 8   |          |
|          |SALLE    |3 0 1 2   |4 0       |0 2       |2 4 0     |0 3 1 4   |          |
+--------------------+-----------------------------------------------------------------+
|          |CLASSE   |1 2       |2         |          |0 1 2     |0 2       |          |
|Horaire 3 |MATIERE  |2 0       |3         |          |3 1 2     |1 3       |          |
|          |PROF     |7 0       |9         |          |8 3 7     |4 8       |          |
|          |SALLE    |3 0       |4         |          |4 1 3     |2 4       |          |
+--------------------+-----------------------------------------------------------------+

+----------------------+---------------------------------------------------------------+
|                      |             Affichage par Classe de leurs stats :             |
+----------------------+---------------------------------------------------------------+
|          |   Total   |       0       |       1       |       2       |       3       |
+----------------------+---------------------------------------------------------------+
|Nb jours  |         18|              4|              5|              4|              5|
+----------------------+---------------------------------------------------------------+
|Nb Horaire|         44|             11|             11|             11|             11|
+----------------------+---------------------------------------------------------------+
|Err.    H.|          2|              1|              0|              1|              0|
+----------------------+---------------------------------------------------------------+
|Err. Creux|          0|              0|              0|              0|              0|
+----------------------+---------------------------------------------------------------+
|Err.   m/j|          0|              0|              0|              0|              0|
+----------------------+---------------------------------------------------------------+

+--------------------------+-----------------------------------------------------------+
|                          |            Affichage par Prof de leurs stats :            |
+--------------------------+-----------------------------------------------------------+
|          |     Total     |  0  |  1  |  2  |  3  |  4  |  5  |  6  |  7  |  8  |  9  |
+--------------------------+-----------------------------------------------------------+
|Nb jours  |             20|    3|    2|    1|    1|    2|    2|    3|    3|    2|    1|
+--------------------------+-----------------------------------------------------------+
|Nb Horaire|             44|    6|    4|    2|    4|    4|    4|    6|    6|    6|    2|
+--------------------------+-----------------------------------------------------------+
|Err.    H.|              3|    0|    1|    0|    1|    0|    0|    0|    1|    0|    0|
+--------------------------+-----------------------------------------------------------+
|Err. Creux|              0|    0|    0|    0|    0|    0|    0|    0|    0|    0|    0|
+--------------------------+-----------------------------------------------------------+
|Err.   c/j|              0|    0|    0|    0|    0|    0|    0|    0|    0|    0|    0|
+--------------------------+-----------------------------------------------------------+

+--------------------------+-----------------------------------------------------------+
|                          |           Affichage par Creneau de leurs stats :          |
+--------------------------+-----------------------------------------------------------+
|          |     Total     | 0| 1| 2| 3| 4| 5| 6| 7| 8| 9|10|11|12|13|14|15|16|17|18|19|
+--------------------------+-----------------------------------------------------------+
|Occup.    |             44| 0| 3| 4| 2| 2| 3| 2| 1| 1| 3| 2| 0| 2| 3| 3| 3| 1| 3| 4| 2|
+--------------------------+-----------------------------------------------------------+
|Err.  1000|              0| 0| 0| 0| 0| 0| 0| 0| 0| 0| 0| 0| 0| 0| 0| 0| 0| 0| 0| 0| 0|
+--------------------------+-----------------------------------------------------------+
|Err.     1|             43|                                                           |
+--------------------------+-----------------------------------------------------------+


OBJECTIF		:	Atteindre 0 pts.
MEILLEUR SCORE		:	43 pts
TEMPS D'EXECUTION	:	0.6 secondes

----------------------------------------------------------------------------------------


Current generation 250 Generational limit : 250
Stopping criterion reached
+--------------------+-----------------------------------------------------------------+
|                    |  LUNDI   +  MARDI   + MERCREDI +  JEUDI   + VENDREDI +  SAMEDI  |
| HORAIRE  +  TYPE   |                                                                 |
+--------------------+-----------------------------------------------------------------+
|          |CLASSE   |          |          |1         |2 3       |0 1 3     |          |
|Horaire 0 |MATIERE  |          |          |0         |2 1       |1 0 2     |          |
|          |PROF     |          |          |0         |6 3       |3 0 6     |          |
|          |SALLE    |          |          |1         |3 0       |1 2 3     |          |
+--------------------+-----------------------------------------------------------------+
|          |CLASSE   |2 3       |0 1       |0 1 2 3   |0 1 2 3   |0 1 2 3   |          |
|Horaire 1 |MATIERE  |3 1       |2 1       |0 2 1 3   |0 2 1 0   |3 2 1 0   |          |
|          |PROF     |8 5       |7 4       |0 7 4 9   |2 6 3 1   |8 6 3 0   |          |
|          |SALLE    |4 0       |3 2       |0 3 2 4   |0 3 1 2   |4 3 1 2   |          |
+--------------------+-----------------------------------------------------------------+
|          |CLASSE   |2 3       |0 1 2 3   |0 2 3     |0 1 2     |0 1 2     |          |
|Horaire 2 |MATIERE  |1 3       |0 3 2 1   |3 2 1     |2 0 0     |2 3 0     |          |
|          |PROF     |5 8       |1 8 7 4   |9 7 5     |6 2 1     |6 8 0     |          |
|          |SALLE    |0 4       |1 4 3 0   |4 3 1     |3 0 2     |3 4 1     |          |
+--------------------+-----------------------------------------------------------------+
|          |CLASSE   |1         |1 2 3     |0 3       |          |0         |          |
|Horaire 3 |MATIERE  |1         |0 3 2     |1 2       |          |0         |          |
|          |PROF     |5         |1 8 7     |4 7       |          |0         |          |
|          |SALLE    |2         |0 4 3     |1 3       |          |2         |          |
+--------------------+-----------------------------------------------------------------+

+----------------------+---------------------------------------------------------------+
|                      |             Affichage par Classe de leurs stats :             |
+----------------------+---------------------------------------------------------------+
|          |   Total   |       0       |       1       |       2       |       3       |
+----------------------+---------------------------------------------------------------+
|Nb jours  |         19|              4|              5|              5|              5|
+----------------------+---------------------------------------------------------------+
|Nb Horaire|         44|             11|             11|             11|             11|
+----------------------+---------------------------------------------------------------+
|Err.    H.|          2|              1|              1|              0|              0|
+----------------------+---------------------------------------------------------------+
|Err. Creux|          0|              0|              0|              0|              0|
+----------------------+---------------------------------------------------------------+
|Err.   m/j|          0|              0|              0|              0|              0|
+----------------------+---------------------------------------------------------------+

+--------------------------+-----------------------------------------------------------+
|                          |            Affichage par Prof de leurs stats :            |
+--------------------------+-----------------------------------------------------------+
|          |     Total     |  0  |  1  |  2  |  3  |  4  |  5  |  6  |  7  |  8  |  9  |
+--------------------------+-----------------------------------------------------------+
|Nb jours  |             19|    2|    2|    1|    2|    2|    2|    2|    2|    3|    1|
+--------------------------+-----------------------------------------------------------+
|Nb Horaire|             44|    6|    4|    2|    4|    4|    4|    6|    6|    6|    2|
+--------------------------+-----------------------------------------------------------+
|Err.    H.|              2|    1|    0|    0|    0|    0|    1|    0|    0|    0|    0|
+--------------------------+-----------------------------------------------------------+
|Err. Creux|              1|    0|    0|    0|    0|    1|    0|    0|    0|    0|    0|
+--------------------------+-----------------------------------------------------------+
|Err.   c/j|              0|    0|    0|    0|    0|    0|    0|    0|    0|    0|    0|
+--------------------------+-----------------------------------------------------------+

+--------------------------+-----------------------------------------------------------+
|                          |           Affichage par Creneau de leurs stats :          |
+--------------------------+-----------------------------------------------------------+
|          |     Total     | 0| 1| 2| 3| 4| 5| 6| 7| 8| 9|10|11|12|13|14|15|16|17|18|19|
+--------------------------+-----------------------------------------------------------+
|Occup.    |             44| 0| 2| 2| 1| 0| 2| 4| 3| 1| 4| 3| 2| 2| 4| 3| 0| 3| 4| 3| 1|
+--------------------------+-----------------------------------------------------------+
|Err.  1000|              0| 0| 0| 0| 0| 0| 0| 0| 0| 0| 0| 0| 0| 0| 0| 0| 0| 0| 0| 0| 0|
+--------------------------+-----------------------------------------------------------+
|Err.     1|             43|                                                           |
+--------------------------+-----------------------------------------------------------+


OBJECTIF		:	Atteindre 0 pts.
MEILLEUR SCORE		:	43 pts
TEMPS D'EXECUTION	:	0.6 secondes

