Abbeville	: 2 2 2 7 3 6 5 5 0 1 0 2 (4)
Agen	: 70 39 73 76 69 59 75 53 70 69 70 69 (4)
Aix-en-Provence TGV	: 64 55 63 77 77 85 129 61 69 105 69 93 (7)
Aix-les-Bains le Revard	: 5 2 1 0 2 3 3 4 3 10 10 11 (12)
Alençon	: 3 10 7 2 8 5 5 3 2 5 11 5 (11)
Ambérieu-en-Bugey	: 5 12 22 14 15 14 13 14 16 10 15 12 (3)
Amiens	: 156 143 168 165 149 163 102 103 140 150 153 147 (3)
Angers Saint-Laud	: 48 38 35 39 44 37 40 34 45 43 69 47 (11)
Angoulême	: 49 37 38 46 39 37 62 46 59 55 48 59 (7)
Annecy	: 78 68 82 94 80 80 87 87 85 77 67 58 (4)
Annemasse	: 1 7 6 6 5 4 6 7 4 9 4 2 (10)
Arcachon	: 4 3 3 3 0 2 13 16 7 5 4 3 (8)
Argentan	: 2 10 4 1 3 2 4 3 3 3 5 1 (2)
Argenteuil	: 0 0 0 0 1 0 1 0 1 0 0 0 (5)
Arras	: 51 40 44 38 32 47 55 34 47 58 40 63 (12)
Aulnoye-Aymeries	: 2 1 0 0 2 2 2 0 4 0 1 0 (9)
Auray	: 4 7 0 2 0 1 0 9 2 1 1 0 (8)
Avignon Centre	: 36 73 50 50 40 45 61 49 48 66 44 38 (2)
Avignon TGV	: 59 57 51 68 86 80 99 81 82 77 59 67 (7)
Aéroport Charles de Gaulle 2 TGV	: 66 39 39 34 36 60 53 56 59 62 49 61 (1)
Bar-le-Duc	: 0 0 0 0 0 0 0 0 0 2 0 0 (10)
Bayonne	: 26 17 35 40 29 17 49 43 18 28 24 21 (7)
Beauvais	: 16 9 14 12 16 16 10 4 14 9 11 15 (1)
Belfort	: 3 0 2 2 1 2 4 1 4 1 3 0 (7)
Belfort - Montbéliard TGV	: 32 23 21 36 42 34 41 20 23 27 21 22 (5)
Bellegarde	: 104 111 50 108 87 91 120 117 117 106 92 60 (7)
Besançon Viotte	: 120 130 113 81 89 86 86 89 114 101 110 128 (2)
Biarritz	: 0 3 3 0 0 1 0 2 4 2 2 1 (9)
Blois - Chambord	: 33 34 26 44 32 34 44 25 29 32 38 39 (4)
Bordeaux Saint-Jean	: 732 859 832 964 931 876 998 960 837 903 811 729 (7)
Boulogne Ville	: 25 20 39 25 24 26 33 32 25 41 43 24 (11)
Bourg-Saint-Maurice	: 8 19 11 2 2 1 4 3 0 1 4 5 (2)
Bourg-en-Bresse	: 42 61 43 50 48 41 45 21 46 58 48 46 (2)
Bourges	: 60 47 49 70 65 54 53 55 54 68 63 56 (4)
Brest	: 73 35 36 37 30 74 89 92 79 98 54 60 (10)
Briançon	: 3 2 1 0 1 0 1 0 0 5 0 1 (10)
Brive-la-Gaillarde	: 57 36 44 64 72 58 57 75 56 69 50 53 (8)
Béthune	: 2 2 1 3 1 3 0 4 8 4 4 2 (9)
Béziers	: 46 34 39 62 46 40 45 48 49 58 57 49 (4)
Caen	: 195 176 188 193 188 187 208 189 220 224 198 206 (10)
Calais - Fréthun	: 3 1 3 0 5 0 2 1 4 2 0 1 (5)
Calais Ville	: 23 11 19 23 12 22 25 10 14 15 12 19 (7)
Cambrai	: 3 3 5 2 3 3 7 1 3 4 4 4 (7)
Cannes	: 65 54 65 53 78 107 119 117 88 70 74 67 (7)
Carcassonne	: 21 11 20 14 14 19 19 14 22 17 21 17 (9)
Cerbère	: 2 2 1 2 3 6 7 2 12 11 3 3 (9)
Cergy le Haut	: 1 3 2 4 3 1 4 4 4 7 4 2 (10)
Chalon-sur-Saône	: 6 11 9 35 17 13 10 8 11 6 10 9 (4)
Chambéry - Challes-les-Eaux	: 57 65 87 65 58 60 65 40 53 54 53 60 (3)
Charleville-Mézières	: 8 3 7 5 4 6 13 8 5 9 12 9 (7)
Chartres	: 22 27 27 27 28 32 26 27 32 31 25 22 (6)
Cherbourg	: 38 47 49 51 44 58 58 39 45 45 40 40 (6)
Châlons-en-Champagne	: 0 0 3 2 6 9 2 1 3 9 2 3 (6)
Châteauroux	: 28 22 19 35 24 29 52 37 29 32 53 24 (11)
Châtellerault	: 7 7 12 10 6 6 12 10 7 9 14 8 (11)
Clermont-Ferrand	: 49 93 101 68 39 51 72 63 58 87 72 31 (3)
Colmar	: 117 65 95 103 90 121 104 85 133 99 105 111 (9)
Compiègne	: 28 51 57 45 49 50 40 23 41 32 33 33 (3)
Conflans-Sainte-Honorine	: 0 1 0 0 1 1 3 2 1 1 0 0 (7)
Coutances	: 0 1 0 0 3 2 4 3 1 0 1 0 (7)
Creil	: 86 57 74 80 65 66 81 46 75 72 61 58 (1)
Dax	: 32 29 22 30 21 26 34 41 41 36 18 32 (8)
Dieppe	: 8 9 12 19 9 11 21 19 9 14 13 12 (7)
Dijon	: 236 162 156 227 194 200 239 178 205 240 197 250 (12)
Douai	: 47 34 54 66 58 44 39 30 67 52 52 49 (9)
Dunkerque	: 52 52 51 46 38 39 41 30 45 52 44 43 (1)
Elbeuf - Saint-Aubin	: 3 0 2 5 4 2 3 1 2 3 0 3 (4)
Granville	: 9 9 16 15 7 8 14 10 15 11 6 12 (3)
Grenoble	: 95 72 93 98 93 70 75 63 98 104 50 83 (10)
Guingamp	: 6 7 8 4 6 4 7 8 3 12 10 2 (10)
Haguenau	: 12 11 7 11 8 16 7 8 21 13 14 11 (9)
Hazebrouck	: 11 9 21 11 24 6 13 8 18 21 18 17 (5)
Hendaye	: 79 66 60 85 65 46 141 139 87 67 55 81 (7)
La Roche-sur-Yon	: 3 6 6 8 10 3 3 7 2 5 3 10 (5)
La Rochelle	: 127 70 73 100 108 89 139 159 143 128 104 102 (8)
Laon	: 4 0 6 4 3 7 1 3 7 9 9 2 (10)
Laroche - Migennes	: 6 8 9 14 7 8 16 12 9 8 4 6 (7)
Laval	: 27 13 20 18 11 16 20 8 17 24 17 20 (1)
Le Croisic	: 17 6 12 22 12 24 58 50 20 16 18 17 (7)
Le Havre	: 55 55 39 45 48 52 36 45 58 69 44 47 (10)
Le Mans	: 75 51 97 59 57 69 59 50 66 69 64 63 (3)
Lens	: 9 3 11 13 5 3 7 3 3 6 2 4 (4)
Les Aubrais	: 67 50 56 63 70 66 69 66 80 70 65 73 (9)
Libourne	: 3 5 5 5 5 5 10 10 13 7 3 0 (9)
Lille Europe	: 1095 988 978 879 843 839 801 681 702 673 1073 1088 (1)
Limoges Bénédictins	: 52 38 54 69 54 51 52 40 52 46 55 53 (4)
Lisieux	: 29 35 24 31 26 24 22 24 21 21 14 19 (2)
Lorient Bretagne Sud	: 10 9 7 8 13 11 14 21 14 12 5 4 (8)
Lourdes	: 7 5 2 10 12 3 14 25 10 21 2 6 (8)
Lunéville	: 3 4 2 5 2 1 4 7 4 1 2 3 (8)
Lyon Part Dieu	: 727 535 681 593 650 625 646 545 607 635 623 610 (1)
Lyon Perrache	: 713 540 512 568 488 481 664 548 660 580 504 598 (1)
Mantes-la-Jolie	: 71 39 48 34 41 55 80 66 72 74 36 63 (7)
Marne-la-Vallée Chessy	: 37 29 42 55 50 51 68 54 38 47 30 39 (7)
Marseille Saint-Charles	: 424 330 420 481 461 489 511 386 395 429 374 450 (7)
Massy TGV	: 51 34 48 72 72 49 88 77 55 67 59 65 (7)
Maubeuge	: 0 5 3 2 0 1 3 1 1 0 1 0 (2)
Metz Ville	: 217 232 303 282 255 202 319 287 441 348 353 315 (9)
Modane	: 2 1 0 0 1 1 3 1 1 2 3 0 (7)
Molsheim	: 0 2 2 0 1 0 1 1 5 0 0 0 (9)
Montauban Ville Bourbon	: 3 4 0 9 3 6 6 4 4 7 14 7 (11)
Montluçon	: 8 7 4 4 5 10 9 8 5 5 2 8 (6)
Montpellier Saint-Roch	: 391 319 362 375 384 326 413 348 321 349 410 324 (7)
Morlaix	: 7 2 4 6 5 9 4 6 23 9 4 6 (9)
Moulins sur Allier	: 2 0 0 1 1 1 4 0 1 2 2 1 (7)
Moûtiers - Salins - Brides-les-Bains	: 1 3 1 0 0 0 1 0 0 0 2 2 (2)
Mulhouse	: 128 109 131 107 140 135 136 111 133 152 154 160 (12)
Mâcon	: 26 14 9 14 13 13 15 7 8 8 7 18 (1)
Nancy	: 214 152 151 145 215 182 107 168 271 253 199 176 (9)
Nantes	: 247 223 223 302 315 383 368 329 347 327 299 332 (6)
Narbonne	: 31 30 32 36 48 41 60 52 52 49 43 42 (7)
Nevers	: 78 41 37 65 66 44 49 49 57 51 56 60 (1)
Nice	: 344 264 284 388 485 478 593 482 408 357 261 280 (7)
Niort	: 33 15 24 21 36 38 27 45 38 54 45 42 (10)
Nîmes	: 36 25 29 50 44 39 68 59 43 29 37 41 (7)
Orléans	: 216 147 197 201 198 213 191 197 176 226 199 196 (10)
Paris Austerlitz	: 218 108 181 253 271 290 338 226 362 288 338 348 (9)
Paris Bercy	: 27 33 23 16 24 34 47 41 35 30 40 33 (7)
Paris Est	: 721 547 611 573 703 1028 1000 678 798 881 739 721 (6)
Paris Gare de Lyon	: 1540 1364 1402 2306 2232 2000 1894 1778 1768 1700 1690 1751 (4)
Paris Gare du Nord	: 1663 1180 1320 1377 1366 1247 1233 1444 1500 1515 1693 1805 (12)
Paris Montparnasse	: 2146 1607 1813 1683 1799 1700 1412 1432 1357 1372 2081 2079 (1)
Paris Saint-Lazare	: 1273 985 1136 987 1085 1245 1349 1106 1301 1296 1030 1131 (7)
Pau	: 40 25 26 48 28 29 35 26 31 37 33 38 (4)
Perpignan	: 68 70 83 100 64 56 119 83 62 89 73 57 (7)
Poissy	: 0 0 0 0 0 1 4 3 3 4 0 0 (7)
Poitiers	: 131 86 113 150 134 126 141 121 110 115 121 158 (12)
Périgueux	: 28 25 29 52 57 35 54 32 41 39 45 33 (5)
Quimper	: 80 74 71 80 87 123 189 184 112 111 75 103 (7)
Redon	: 2 7 5 13 7 4 6 6 8 4 3 4 (4)
Reims	: 98 124 97 87 106 90 85 90 114 105 83 68 (2)
Remiremont	: 6 3 5 4 2 4 6 2 9 11 7 10 (10)
Rennes	: 311 267 393 387 368 361 378 228 349 341 307 336 (3)
Riom - Châtel-Guyon	: 2 1 4 6 4 4 7 7 5 5 4 2 (7)
Roanne	: 20 15 22 23 23 33 29 18 16 41 24 25 (10)
Rouen Rive Droite	: 307 222 237 242 221 261 195 179 271 318 255 285 (10)
Royan	: 8 4 3 9 7 4 14 38 6 1 0 5 (8)
Saint-Brieuc	: 10 8 14 17 13 9 11 8 6 8 4 3 (4)
Saint-Cloud	: 2 3 3 0 4 4 5 9 4 3 5 2 (8)
Saint-Dié-des-Vosges	: 13 2 5 11 12 4 3 2 1 4 3 7 (1)
Saint-Gervais-les-Bains Le Fayet	: 4 4 4 0 0 2 0 2 4 0 6 1 (11)
Saint-Lô	: 1 2 0 6 6 1 2 3 1 1 0 0 (4)
Saint-Malo	: 3 2 1 2 10 6 21 4 13 16 4 2 (7)
Saint-Nazaire	: 26 42 42 39 38 27 36 21 17 37 27 16 (2)
Saint-Pierre-des-Corps	: 100 110 140 113 101 136 112 105 97 120 112 93 (3)
Saint-Pol-sur-Ternoise	: 3 1 6 3 7 2 1 0 0 3 3 4 (5)
Saint-Quentin	: 6 3 4 7 10 5 2 3 6 4 13 4 (11)
Saint-Étienne Châteaucreux	: 52 49 45 76 64 50 90 79 60 94 70 77 (10)
Saintes	: 15 17 16 16 19 22 23 13 15 13 19 19 (7)
Sarrebourg	: 0 2 6 8 7 3 5 3 8 3 3 2 (4)
Saverne	: 14 14 17 14 19 20 15 11 22 22 19 21 (9)
Strasbourg	: 1071 907 868 922 973 1264 1170 1018 1372 1300 1217 1267 (9)
Sélestat	: 34 32 32 35 39 28 33 39 45 43 30 29 (9)
Tarbes	: 37 28 23 32 25 12 16 10 25 28 28 32 (1)
Thionville	: 7 0 1 0 1 3 3 2 2 6 4 6 (1)
Thonon-les-Bains	: 1 0 1 4 7 1 0 0 0 0 0 0 (5)
Toulon	: 75 55 47 76 99 118 198 174 114 92 95 87 (7)
Toulouse Matabiau	: 341 258 271 362 337 280 259 275 350 282 250 228 (4)
Tourcoing	: 34 12 20 17 30 16 25 22 30 53 24 31 (10)
Tours	: 191 134 177 203 223 180 162 155 175 260 200 206 (10)
Trouville - Deauville	: 18 15 18 27 35 27 38 48 14 15 6 12 (8)
Troyes	: 8 20 28 9 12 22 19 24 22 16 14 14 (3)
Valence	: 96 60 61 53 58 44 58 32 57 76 80 58 (1)
Valence TGV Rhône-Alpes Sud	: 53 18 25 36 47 45 71 66 42 39 27 18 (7)
Valenciennes	: 33 20 26 29 16 24 38 23 32 29 32 30 (7)
Vannes	: 14 12 12 24 39 22 26 29 24 32 14 16 (5)
Vernon	: 11 13 26 9 19 32 16 9 20 13 14 18 (6)
Versailles Rive Droite	: 1 5 1 1 2 2 0 0 5 7 4 7 (10)
Vichy	: 20 12 2 6 4 7 14 18 4 9 25 20 (11)
Vierzon	: 59 26 49 55 33 30 41 49 52 58 48 48 (1)
Yvetot	: 3 0 10 8 8 16 5 10 6 9 4 3 (6)
lyon perrache	: 0 0 0 0 0 0 0 0 0 0 2 0 (11)
Épinal	: 16 17 6 13 12 10 7 17 28 13 17 13 (9)
Étaples - Le Touquet	: 0 4 7 6 6 4 6 7 7 6 2 1 (3)
Évian-les-Bains	: 1 1 0 3 0 0 5 1 0 1 0 0 (7)
Évreux Normandie	: 17 18 19 26 13 21 19 13 20 19 14 15 (4)
